순위,종목명,검색비율,현재가,전일비,등락률,거래량,시가,고가,저가,PER,ROE
1,삼성전자,13.05%,58,000,하락1,000,-1.69%,17,191,373,58,800,58,900,58,000,14.18,4.15
2,한켐,4.59%,25,400,상승7,400,+41.11%,19,184,266,32,500,33,300,24,850,N/A,24.14
3,루미르,3.31%,14,820,하락90,-0.60%,25,670,373,13,760,15,940,12,390,-34.95,-24.89
4,SK하이닉스,3.12%,190,700,하락200,-0.10%,2,300,970,195,300,195,300,189,800,55.57,-15.61
5,두산에너빌리티,3.04%,20,600,하락50,-0.24%,11,166,881,20,300,21,300,20,000,83.06,0.78
6,유한양행,2.39%,154,200,하락5,800,-3.62%,1,467,313,160,000,160,000,153,800,83.71,6.74
7,샤페론,2.34%,4,285,상승595,+16.12%,15,368,513,3,760,4,595,3,520,-6.54,N/A
8,와이제이링크,2.26%,16,750,하락2,510,-13.03%,7,682,169,18,100,19,000,15,750,24.52,21.09
9,카카오,2.02%,37,550,하락1,850,-4.70%,1,180,030,39,300,39,350,37,500,-17.17,-10.26
10,YG PLUS,1.95%,4,315,상승835,+23.99%,22,145,844,3,995,4,520,3,865,42.30,14.12
11,POSCO홀딩스,1.77%,331,500,하락12,000,-3.49%,194,435,340,500,342,000,331,000,20.73,3.18
12,현대차,1.52%,235,500,하락1,500,-0.63%,296,415,236,000,239,000,232,500,5.10,13.68
13,기아,1.44%,92,500,하락2,500,-2.63%,1,332,950,93,600,94,100,92,200,3.87,20.44
14,에코프로비엠,1.44%,157,400,하락7,500,-4.55%,299,201,163,700,164,800,157,300,-97.95,-0.64
15,NAVER,1.38%,172,100,하락4,700,-2.66%,453,010,176,900,177,100,171,300,18.23,4.41
16,동서,1.37%,25,250,상승5,780,+29.69%,1,927,896,20,000,25,300,19,830,15.14,9.23
17,에코프로,1.33%,76,800,하락3,600,-4.48%,609,106,80,300,80,300,76,700,-85.05,3.43
18,셀트리온,1.26%,187,600,하락4,100,-2.14%,358,648,191,300,192,500,187,500,105.99,5.07
19,알테오젠,1.17%,381,000,하락16,500,-4.15%,386,696,399,500,402,000,380,500,-15,875.00,-2.27
20,한화인더스트리얼솔루션즈,1.11%,37,100,하락2,300,-5.84%,2,308,082,39,400,39,650,36,850,N/A,N/A
21,HLB,1.10%,69,500,하락1,400,-1.97%,461,073,70,500,70,700,69,400,-42.82,-32.55
22,한미반도체,1.05%,100,000,하락1,500,-1.48%,641,006,103,400,104,200,99,800,61.65,55.54
23,리가켐바이오,1.05%,130,500,하락200,-0.15%,689,145,130,700,139,600,129,700,-116.52,-40.08
24,한세예스24홀딩스,1.02%,5,070,상승120,+2.42%,8,571,607,4,875,5,860,4,795,4.18,12.30
25,LG에너지솔루션,1.01%,382,500,하락7,000,-1.80%,143,842,386,500,388,000,376,500,-532.73,6.36
26,한일단조,0.98%,2,720,상승445,+19.56%,36,076,539,2,455,2,855,2,405,18.50,6.46
27,펩트론,0.98%,92,400,하락3,100,-3.25%,755,777,97,000,97,500,91,800,-100.33,-35.69
28,한국전력,0.97%,21,650,상승400,+1.88%,1,760,684,21,350,21,950,21,300,5.24,-12.63
29,현대모비스,0.96%,248,000,상승4,000,+1.64%,166,545,241,000,249,500,240,000,6.63,8.73
30,두산로보틱스,0.94%,67,300,하락4,300,-6.01%,696,426,70,800,71,900,67,100,-313.02,-6.59
